       0.050000
       0.153947
       0.265790
       0.385526
       0.513158
       0.648684
       0.792105
       0.943421
       1.102632
       1.269737
       1.444737
       1.627632
       1.818421
       2.017106
       2.223685
       2.438158
       2.660527
       2.890790
       3.128948
       3.375000
       3.625000
       3.875000
       4.125000
       4.375000
       4.625000
       4.875000
       5.125000
       5.375000
       5.625000
       5.875000
       6.125000
       6.375000
       6.625000
       6.875000
       7.125000
       7.375000
       7.625000
       7.875000
       8.125000
       8.375000
       8.625000
       8.875000
       9.125000
       9.375000
       9.625000
       9.875000
      10.125001
      10.375001
      10.625001
      10.875001
      11.125001
      11.375001
      11.625001
      11.875001
      12.125001
      12.375001
      12.625001
      12.875001
      13.125001
      13.375001
      13.625001
      13.875001
      14.125001
      14.375001
      14.625001
      14.875001
      15.125001
      15.375001
      15.625001
      15.875001
      16.125000
      16.375000
      16.625000
      16.875000
      17.125000
      17.375000
      17.625000
      17.875000
      18.125000
      18.375000
      18.625000
      18.875000
      19.125000
      19.375000
      19.625000
      19.875000
       0.000000
       0.100000
       0.207895
       0.323684
       0.447369
       0.578947
       0.718421
       0.865790
       1.021053
       1.184211
       1.355263
       1.534211
       1.721053
       1.915790
       2.118421
       2.328948
       2.547369
       2.773685
       3.007895
       3.250000
       3.500000
       3.750000
       4.000000
       4.250000
       4.500000
       4.750000
       5.000000
       5.250000
       5.500000
       5.750000
       6.000000
       6.250000
       6.500000
       6.750000
       7.000000
       7.250000
       7.500000
       7.750000
       8.000000
       8.250000
       8.500000
       8.750000
       9.000000
       9.250000
       9.500000
       9.750000
      10.000000
      10.250001
      10.500001
      10.750001
      11.000001
      11.250001
      11.500001
      11.750001
      12.000001
      12.250001
      12.500001
      12.750001
      13.000001
      13.250001
      13.500001
      13.750001
      14.000001
      14.250001
      14.500001
      14.750001
      15.000001
      15.250001
      15.500001
      15.750001
      16.000000
      16.250000
      16.500000
      16.750000
      17.000000
      17.250000
      17.500000
      17.750000
      18.000000
      18.250000
      18.500000
      18.750000
      19.000000
      19.250000
      19.500000
      19.750000
      20.000000





