 parcel  t0         x0          y0              z0
 =====================================================
     1   4980.0000  69877.3438  99748.8828      5.5364
     2   4980.0000  69557.8125 100211.9141      1.4913
     3   4980.0000  70182.9531  99482.0234     20.8860
     4   4980.0000  69794.8984 100394.2109      3.8621
     5   4980.0000  70282.9531  99481.4531     15.5404
     6   4980.0000  70008.2109  99595.0156     29.3211
     7   4980.0000  70002.1641  99547.5234     27.8072
     8   4980.0000  69979.5469  99399.3984     25.8933
     9   4980.0000  69873.2578 100490.3828      3.2107
    10   4980.0000  69946.5156  99263.5000     17.6127
    11   4980.0000  69967.8125  98890.2969     34.0082
    12   4980.0000  70088.2109  98584.2969     73.6609
    13   4980.0000  70283.5078  98422.5078    180.7314
    14   4980.0000  69509.3125 100407.1719      1.0022
    15   4980.0000  69654.7344  99676.4375      2.0352
    16   4980.0000  69996.6172  98699.0000     41.0465
    17   4980.0000  69162.1562 100297.6641      0.8092
    18   4980.0000  69764.7734  99374.5156      4.7672
    19   4980.0000  69930.2266  98950.9219     24.4212
    20   4980.0000  70034.1875  98679.9297     97.4893
    21   4980.0000  69891.3125  99261.9766     13.0456
    22   4980.0000  69616.1172 100477.7344      1.8993
    23   4980.0000  70000.6094  98772.9375     76.0357
    24   4980.0000  69867.3438 100128.5703      6.2298
    25   4980.0000  69985.9609  98882.0078     58.8799
    26   4980.0000  69766.3906 100151.7656      2.9152
    27   4980.0000  69973.2188  99571.8828     23.2958
    28   4980.0000  69969.5625 100251.2969     11.4477
    29   4980.0000  70286.6797  98490.7031    216.4362
    30   4980.0000  70300.8203  98479.6094    153.4444
    31   4980.0000  70308.4219  98472.7656    114.2605
    32   4980.0000  70330.8594  98463.9766    108.4785
    33   4980.0000  70370.6875  98457.5703    122.6493
    34   4980.0000  70420.5078  98464.6094    164.6732
    35   4980.0000  70603.2500  99820.7656      9.4459
    36   4980.0000  70522.9062  99673.3984      6.0839
    37   4980.0000  70449.3984  99579.3672      3.6667
    38   4980.0000  70289.9609  99481.4453      1.4167
    39   4980.0000  70207.9844  99452.1484      1.5931
    40   4980.0000  70155.2109  99476.8828      2.0770
    41   4980.0000  70128.2188  99551.5938      2.5041
    42   4980.0000  70113.4297  99597.7422      2.8362
    43   4980.0000  70100.5391  99531.3828      3.4658
    44   4980.0000  70087.3984  99327.9453      5.2049
    45   4980.0000  70065.1875  98819.1719     20.1724
    46   4980.0000  70136.0625  98620.8906     48.1122
    47   4980.0000  70288.7422  98484.1797    166.8120
    48   4980.0000  70136.4531  99642.7656      2.9973
    49   4980.0000  70130.2578  99137.2422      6.6278
    50   4980.0000  70093.1797  98859.8047     41.3860
    51   4980.0000  70208.8438 100146.2266      1.5775
    52   4980.0000  70269.0625  99448.2891      2.8331
    53   4980.0000  70514.2969  99891.8359      1.6365
    54   4980.0000  70340.5078  99384.1797     22.2816
    55   4980.0000  70684.6641  98634.6875    107.8582
    56   4980.0000  70785.3594  98510.1250     62.6143
    57   4980.0000  70776.0312  98386.6562     27.0563
    58   4980.0000  70682.7969  98301.2500     12.9920
    59   4980.0000  70673.0156  98297.8438     13.3281
    60   4980.0000  70755.0469  98369.6250     26.0573
    61   4980.0000  70789.3281  98456.3203     52.2927
    62   4980.0000  70739.4922  98562.3281     88.9403
    63   4980.0000  70648.6484  98653.9844    133.6297
    64   4980.0000  70678.4844  98584.8984    102.7905
    65   4980.0000  70710.9609  98409.7969     61.5268
    66   4980.0000  70294.9688  98285.7500     10.0722
    67   4980.0000  70458.9844  98290.1641     26.0705
    68   4980.0000  70661.5859  98369.9766     64.1035
    69   4980.0000  70698.1406  98471.4453     95.9509
    70   4980.0000  70670.1406  98557.6562    121.1623
    71   4980.0000  70678.9141  98496.6953     75.9216
    72   4980.0000  70401.7500  98305.0859     23.8591
    73   4980.0000  70513.3906  98330.3203     45.7657
    74   4980.0000  70652.8594  98460.0000     94.1793
    75   4980.0000  70543.6172  98380.0703     35.7027
    76   4980.0000  70358.6562  98357.1641     23.7119
    77   4980.0000  70525.2734  98399.5312     87.1291
    78   4980.0000  70385.7344  99647.5234      8.6574
    79   4980.0000  70273.6250  98440.6719     72.6023
    80   4980.0000  70055.1953  98559.8438      4.5517
    81   4980.0000  70045.4297  98584.7734      8.9716
    82   4980.0000  70326.8047  98414.4844     96.2023
    83   4980.0000  70383.0312  98411.2656    154.6071
    84   4980.0000  70005.2578  98886.7344     28.2019
    85   4980.0000  69768.4219  99272.7734      0.7101
    86   4980.0000  69623.2344  99268.7891      1.0291
    87   4980.0000  69905.0547  98852.6875      6.5972
    88   4980.0000  69964.5781  98731.2891     11.6409
    89   4980.0000  70026.9688  98633.9453     18.0552
    90   4980.0000  70086.3906  98558.4922     25.7572
    91   4980.0000  70239.4766  98417.2578     51.6326
    92   4980.0000  70280.6953  98396.0000     60.2771
    93   4980.0000  70317.2500  98381.4531     70.1015
    94   4980.0000  70348.2109  98371.1094     81.1945
    95   4980.0000  70373.5078  98364.7812     94.3609
    96   4980.0000  70393.8984  98361.0312    109.3489
    97   4980.0000  70411.9062  98358.8906    127.4512
    98   4980.0000  70428.7109  98358.6406    148.9217
    99   4980.0000  70442.3828  98359.4844    171.6436
   100   4980.0000  70453.0078  98361.6875    194.3830
   101   4980.0000  69989.0078  99621.1719      8.9591
   102   4980.0000  69435.9141 100610.0000      0.1784
   103   4980.0000  69753.8359  98748.6875     13.1563
   104   4980.0000  69920.0938  98622.9219     25.4996
   105   4980.0000  70036.5469  98538.9453     42.1887
   106   4980.0000  70226.6328  98440.5625    167.4151
   107   4980.0000  70222.0234  98450.1094    207.1557
   108   4980.0000  70010.7734 100540.2109      6.5758
   109   4980.0000  69412.0547  99725.7969      1.9441
   110   4980.0000  69677.6875  99540.2578      4.0580
   111   4980.0000  69813.6250  99450.5703      8.0810
   112   4980.0000  69883.2734  99401.3125     14.7502
   113   4980.0000  69922.1875  99375.7891     24.1486
   114   4980.0000  69649.6094 100674.9062      7.8790
   115   4980.0000  70556.3047  98878.8516     25.9256
   116   4980.0000  70356.1875  98779.4531     17.5674
   117   4980.0000  70517.5078  98762.9062     13.4563
   118   4980.0000  70563.4062  98562.5938     16.2801
   119   4980.0000  70289.8906  98763.4922    152.7548
   120   4980.0000  70338.9844  98833.0859     55.2459
   121   4980.0000  70285.3750  98809.4844    189.1361
   122   4980.0000  69967.9922  99689.3125     28.8375
   123   4980.0000  70369.5312  98790.2344    111.1065
   124   4980.0000  70414.2578  98841.0781     30.9047
   125   4980.0000  70961.7266  98490.7188      1.2737
   126   4980.0000  70975.4844  98017.7344      0.3894
   127   4980.0000  69905.7656 100669.5156      7.8501
   128   4980.0000  70363.6641  98769.2500    209.1951
   129   4980.0000  70449.1797  98775.5938    113.2376
   130   4980.0000  70545.5625  98794.0781     31.9373
   131   4980.0000  70747.8516  98660.6797      6.2496
   132   4980.0000  70771.5000  98668.9609     15.0711
   133   4980.0000  70682.9375  98752.5469    111.0470
   134   4980.0000  70419.7109  98738.3047    202.3594
   135   4980.0000  70499.2734  98724.9688     97.1204
   136   4980.0000  70568.0312  98691.4844     60.4358
   137   4980.0000  70628.7422  98622.1328     25.3993
   138   4980.0000  70693.9688  98390.3203      2.1300
   139   4980.0000  70583.3906  98768.1250     48.6497
   140   4980.0000  70823.4297  98569.0312     64.4753
   141   4980.0000  70528.8516  98628.1875    109.1181
   142   4980.0000  70574.1875  98586.6875     61.6940
   143   4980.0000  70591.6406  98531.3281     50.1979
   144   4980.0000  70540.9219  98446.9922     28.1113
   145   4980.0000  70473.2812  98723.3672    241.4054
   146   4980.0000  70740.1797  98458.9844     82.1769
   147   4980.0000  70581.9297  98675.1250    213.4189
   148   4980.0000  70406.4609  98468.5781    166.5708
   149   4980.0000  70419.0703  98453.4297     74.8683
   150   4980.0000  70400.4922  98447.2422     36.3735
   151   4980.0000  70359.2969  98443.7109     25.9297
   152   4980.0000  70194.9062  98519.6484     17.1987
   153   4980.0000  69977.8516  99332.1172      0.1817
   154   4980.0000  69847.1328  98511.1094      6.8840
   155   4980.0000  70593.1875  98352.7188     74.9035
   156   4980.0000  70657.1250  98458.8594    118.4992
   157   4980.0000  70634.5469  98536.0703    161.2429
   158   4980.0000  70447.0391  98342.5312    186.7055
   159   4980.0000  70379.4453  98335.5234    148.5473
   160   4980.0000  70286.8984  98344.2109    110.8117
   161   4980.0000  69886.9531  98547.8672     31.6726
   162   4980.0000  69789.9141  98740.1953     17.4057
   163   4980.0000  69969.9375  98606.3203     36.7549
   164   4980.0000  70072.3828  98538.9141     63.3479
   165   4980.0000  70119.2812  98513.6875     96.2984
   166   4980.0000  69973.3594 100547.0547     17.2250
   167   4980.0000  70648.0391  99967.1328      0.9844
   168   4980.0000  70530.7422  99733.1797      0.7416
   169   4980.0000  70404.5938  99590.4922      0.4860
   170   4980.0000  70258.7031  99489.2422      0.3981
   171   4980.0000  70150.7500  99498.3750      0.6305
   172   4980.0000  70116.0859  99928.4062      0.6400
   173   4980.0000  70366.6875  98420.8750     32.4647
   174   4980.0000  69387.6719 100345.1484      1.8792
   175   4980.0000  69664.5000 100139.0234      3.6656
   176   4980.0000  69863.0703  99728.7344     17.4735
   177   4980.0000  69858.0547  99658.1641     19.0810
   178   4980.0000  69860.5859  99566.0156     22.8209
   179   4980.0000  70181.6250  98526.1328     52.8130
   180   4980.0000  69779.3906 100613.4609     18.9518
   181   4980.0000  70047.2422  98796.5703     35.4804
   182   4980.0000  71074.7266  98066.5469      5.9821
   183   4980.0000  70059.1484  99178.1562     14.6538
   184   4980.0000  70323.5781  98474.3672    209.4418
   185   4980.0000  70984.6641  98294.4531      6.1905
   186   4980.0000  70119.0391 100087.1641      3.9844
   187   4980.0000  70093.2031  98738.1328     70.9752
   188   4980.0000  70578.9531  98767.4609    125.4014
   189   4980.0000  70865.9531  98414.6172     13.3192
   190   4980.0000  70214.6016  99230.8203     10.6523
   191   4980.0000  70679.2734  98643.7891     85.3551
   192   4980.0000  70404.4375 100112.4375      1.3190
   193   4980.0000  70692.0547  98560.3984     69.7845
   194   4980.0000  70475.3047  98293.7344     18.1712
   195   4980.0000  70514.1719  99726.7656      8.6033
   196   4980.0000  70637.3906  98447.0625     49.3466
   197   4980.0000  70098.8203  98963.9375     73.9406
   198   4980.0000  70369.9766  98424.9062    150.6815
   199   4980.0000  70043.3047  98514.9062      2.7930
   200   4980.0000  70361.3281  99761.9844      5.7336
   201   4980.0000  69976.3750  98978.2344      6.5530
   202   4980.0000  70257.9922 100109.8672      6.9994
   203   4980.0000  70024.8359  99415.1250     27.3939
   204   4980.0000  69732.4453 100508.3906      0.2875
   205   4980.0000  70185.5859 100212.3750     13.4423
   206   4980.0000  70651.9766  98843.1641     25.6381
   207   4980.0000  70955.2734  98550.3438      0.5412
   208   4980.0000  70354.6250  98846.7344     13.1109
   209   4980.0000  70304.7422  98816.0312     38.1606
   210   4980.0000  70465.0703  98886.0547     64.3691
   211   4980.0000  70561.4922  98846.2422      3.9224
   212   4980.0000  70347.7969  98813.8984     16.0235
   213   4980.0000  70308.9062  98782.3594     35.6306
   214   4980.0000  70299.2188  98813.1406     57.0870
   215   4980.0000  70743.5938  98709.3125      1.9883
   216   4980.0000  70431.1016  98853.3281      7.8319
   217   4980.0000  70352.1953  98834.5234     15.0140
   218   4980.0000  70359.5547  98853.9844     21.7154
   219   4980.0000  70636.5781  98849.0156     23.1081
   220   4980.0000  70772.0312  98678.3125     91.4640
   221   4980.0000  70334.5156  98327.1328    190.2809
   222   4980.0000  69753.7969  98595.7969     32.4675
   223   4980.0000  69311.6641  99630.4297      2.1973
   224   4980.0000  69580.6719  99498.9688      4.1498
   225   4980.0000  69705.8828  99460.4531      6.2782
   226   4980.0000  69765.3594  99465.5312      8.2417
   227   4980.0000  69800.8125  99480.5469     10.2500
   228   4980.0000  69815.5938  99497.9297     11.7272
   229   4980.0000  69823.6016  99517.6875     12.9193
   230   4980.0000  69828.6719  99524.7500     14.1479
   231   4980.0000  69830.5547  99527.3359     15.3024
   232   4980.0000  69829.9766  99518.2188     16.6444
   233   4980.0000  69836.3516  99487.4766     19.4524
   234   4980.0000  69853.1328  99433.0703     25.2819
   235   4980.0000  70930.6250  98486.8594      0.3407
   236   4980.0000  71046.4062  98213.4297      0.1631
   237   4980.0000  70344.1719  98261.6797     11.6555
   238   4980.0000  70704.9609  98378.3750     66.4715
   239   4980.0000  70704.0234  98499.8828    127.5599
   240   4980.0000  70612.2812  98477.5938    231.0135
   241   4980.0000  70611.5547  98443.4844    209.3500
   242   4980.0000  70516.5078  98345.3359    127.1501
   243   4980.0000  70426.6328  98326.8516     91.5156
   244   4980.0000  70278.0703  98339.3906     56.0378
   245   4980.0000  71036.8594  98103.7734      0.8031
   246   4980.0000  70871.9609  98538.2500      5.6032
   247   4980.0000  70788.5625  98544.1328     11.5618
   248   4980.0000  70642.7969  98353.9688      6.1166
   249   4980.0000  70435.8125  98331.2344      2.6461
   250   4980.0000  70059.1719  98753.7422     54.5011
   251   4980.0000  70134.2969  98612.3516     91.0016
   252   4980.0000  70706.3516  98645.6562     74.4971
   253   4980.0000  70085.4297  98759.4766     78.4196
   254   4980.0000  70705.2891  98571.4297     62.7263
   255   4980.0000  70231.6562  99773.3750      3.5071
   256   4980.0000  70111.2578  98962.1094     52.5511
   257   4980.0000  70612.5469  98378.9141     28.8675
   258   4980.0000  70348.9531 100251.3672      1.9330
   259   4980.0000  70210.7188  99225.6250     19.0619
   260   4980.0000  70315.8125  98396.5547     11.4442
   261   4980.0000  70328.9219  99688.2578      5.0486
   262   4980.0000  69894.9766  99230.4766      1.1328
   263   4980.0000  69969.5156 100467.7891      1.9097
   264   4980.0000  68788.4297 100409.5703      1.0447
   265   4980.0000  68916.4766 100476.5781      1.2591
   266   4980.0000  69006.4219 100551.9766      1.4440
   267   4980.0000  69044.8125 100663.4688      1.5578
   268   4980.0000  69047.0234 100791.3203      1.6295
   269   4980.0000  70256.2500  98332.6172    157.9215
   270   4980.0000  70435.7188  98317.6016    147.1103
   271   4980.0000  70871.3672  98374.4453     16.8584
   272   4980.0000  70821.1094  98546.6094     67.9145
   273   4980.0000  70688.6484  98647.6094    128.4551
   274   4980.0000  70659.8906  98465.5625    174.5417
   275   4980.0000  70641.9531  98393.5625    137.0788
   276   4980.0000  70553.9141  98329.4531     96.0580
   277   4980.0000  70358.3359  98304.6719     50.2755
   278   4980.0000  70301.5938  98827.2969    192.7206
   279   4980.0000  70381.4219  98828.1328    124.4313
   280   4980.0000  70579.7344  98804.8828     49.7232
   281   4980.0000  70694.8438  98633.3047     21.1570
   282   4980.0000  70516.6406  98334.1094      4.5545
   283   4980.0000  70175.2266  98533.8828     81.9228
   284   4980.0000  70900.7578  98516.2422     17.4679
   285   4980.0000  70681.3125  98668.3359     73.5158
   286   4980.0000  70228.8672  98356.8125      6.7666
   287   4980.0000  70076.9609  98940.2891     53.7663
   288   4980.0000  70038.3047  98996.2422     99.6442
   289   4980.0000  70122.8828 100307.8125     14.5113
   290   4980.0000  70435.4219  99991.2109     12.2023
   291   4980.0000  70422.8438 100122.7969     10.8063
   292   4980.0000  70399.7422 100261.2109     10.4693
   293   4980.0000  69931.7734  98933.2891     73.7635
   294   4980.0000  69849.3438  99431.2578     29.2775
   295   4980.0000  69829.7891  99577.0000     24.6813
   296   4980.0000  69816.1016  99720.0938     22.1979
   297   4980.0000  70357.1016  98311.1016    163.2483
   298   4980.0000  70382.7031  98303.8438    105.8707
   299   4980.0000  70650.2812  98397.0547    155.3119
   300   4980.0000  70444.2266  98295.7188     66.7331
   301   4980.0000  70941.1484  98605.3438     40.0227
   302   4980.0000  70587.4062  98689.2734     78.4962
   303   4980.0000  70572.5703  98369.5391      5.8787
   304   4980.0000  70789.4453  98649.3438     56.7804
   305   4980.0000  69551.5469 100634.7031      0.0326
   306   4980.0000  70069.5078 100152.1719      4.5606
   307   4980.0000  70240.9141  98494.1328    225.7123
   308   4980.0000  70699.4219  98499.3750     41.8616
   309   4980.0000  70056.7891  98947.4609     54.4038
   310   4980.0000  70150.0703 100176.8594      7.5731
   311   4980.0000  70026.8125  98897.6719     72.5226
   312   4980.0000  69926.9766  98958.6719     79.0326
   313   4980.0000  69817.7344  99434.1641     21.8996
   314   4980.0000  69717.5391  99763.7969     11.2583
   315   4980.0000  69564.5391 100172.5312      6.3843
   316   4980.0000  69369.1953 100628.7500      4.4373
   317   4980.0000  69859.1406  98502.7031     65.3557
   318   4980.0000  70431.1328  98297.7422    135.3962
   319   4980.0000  70527.1406  98309.7812    118.0928
   320   4980.0000  69791.3516  98504.9062     14.1426
   321   4980.0000  70693.8984  98414.0000    122.8473
   322   4980.0000  70391.4922  98818.2266    160.4654
   323   4980.0000  70563.1484  98749.9844     80.2765
   324   4980.0000  70667.3750  98481.8672     14.3689
   325   4980.0000  70978.4844  98455.5391     11.2961
   326   4980.0000  70005.4688  99417.6641      3.3794
   327   4980.0000  70013.9766  98835.1250     17.6282
   328   4980.0000  70088.8281 100320.5625     10.8109
   329   4980.0000  69925.1562  98989.7656     98.2585
   330   4980.0000  69284.1641 100622.1094      3.8296
   331   4980.0000  70281.6172  98397.0469    243.2540
   332   4980.0000  70030.2031  98560.1406     71.0711
   333   4980.0000  70426.1719  98284.6250    101.0364
   334   4980.0000  70569.5625  98313.2812    109.5506
   335   4980.0000  70708.7031  98462.3672    141.5847
   336   4980.0000  70826.8125  98630.1719     83.7664
   337   4980.0000  70941.4766  98398.4141     18.4493
   338   4980.0000  70677.6719  98800.3828     53.3411
   339   4980.0000  70730.1094  98709.1719     38.7667
   340   4980.0000  70743.7812  98578.5469     23.9173
   341   4980.0000  70934.1562  98567.5469     21.5962
   342   4980.0000  70709.3516  98694.0234     66.7878
   343   4980.0000  70394.3359  98431.7031    151.6973
   344   4980.0000  70606.0703  98443.7578     44.1459
   345   4980.0000  69470.6875  99722.4219      4.8574
   346   4980.0000  70228.7188  98405.4688    190.1132
   347   4980.0000  70288.5234  98304.8828    206.3175
   348   4980.0000  70352.0703  98296.9922    185.2151
   349   4980.0000  70644.5703  98398.1797    250.5765
   350   4980.0000  70590.5391  98316.1328    125.7180
   351   4980.0000  70587.6016  98306.7109     80.4288
   352   4980.0000  70865.3906  98586.5781     69.0429
   353   4980.0000  70963.0469  98543.6875     11.5070
   354   4980.0000  70887.0156  98503.8984      7.2950
   355   4980.0000  70394.7188  98839.3516    158.0220
   356   4980.0000  70470.1016  98863.6172    127.7223
   357   4980.0000  70513.7031  98269.3281      3.0146
   358   4980.0000  70513.3281  98789.1406    114.6150
   359   4980.0000  70501.9297  98734.1641    209.2561
   360   4980.0000  70353.0625  98430.5078    111.3104
   361   4980.0000  70551.7891  98525.8125    203.2921
   362   4980.0000  70296.5156  98436.0156     56.9976
   363   4980.0000  70055.1875  99687.6484     14.3922
   364   4980.0000  69355.4609 100373.7031      0.0645
   365   4980.0000  69084.3047 100455.1875      2.7570
   366   4980.0000  69893.6484  98757.4922     41.5845
   367   4980.0000  70206.8672  98389.9453    185.2471
   368   4980.0000  70386.2578  98266.0312    183.9996
   369   4980.0000  70323.9297  98282.9531    177.9124
   370   4980.0000  70290.2734  98298.6094    165.3796
   371   4980.0000  70419.8516  98274.3125    114.0811
   372   4980.0000  70669.1641  98382.4844    200.1663
   373   4980.0000  70870.2656  98325.7500     14.1542
   374   4980.0000  70930.3281  98473.3125      5.7765
   375   4980.0000  70670.7344  98790.5938     68.4284
   376   4980.0000  70635.8516  98293.8047      3.7674
   377   4980.0000  70691.3516  98709.8281     55.6509
   378   4980.0000  70827.9062  98615.4844     33.0111
   379   4980.0000  70632.1172  98585.2656     73.4003
   380   4980.0000  70682.8828  98648.5859     53.2333
   381   4980.0000  70330.4453  98427.5234     62.0778
   382   4980.0000  70602.0156  98443.9062     38.4615
   383   4980.0000  69948.7109 100619.6094      0.5316
   384   4980.0000  70013.1172  98953.6406     16.4458
   385   4980.0000  69919.8438  98995.7344     95.7671
   386   4980.0000  69118.2734 100449.6250      3.0335
   387   4980.0000  69892.1484  98796.8906     44.5102
   388   4980.0000  69982.8594  98555.4844     65.5905
   389   4980.0000  70375.7266  98243.0391    123.0727
   390   4980.0000  70506.3281  98267.5469     85.5010
   391   4980.0000  70461.7969  98259.6875     34.5748
   392   4980.0000  70712.2422  98582.2344    152.1246
   393   4980.0000  70943.1641  98452.6562      5.8452
   394   4980.0000  70965.5859  98483.9844      9.6006
   395   4980.0000  70608.8125  98267.9766      3.1156
   396   4980.0000  70830.5547  98415.5703      9.0899
   397   4980.0000  69819.6562  98543.7812      1.1242
   398   4980.0000  70693.8125  98422.8203     23.5128
   399   4980.0000  70266.5391  98442.1406     19.7106
   400   4980.0000  69908.6797 100606.0469      0.3954
   401   4980.0000  70730.5156  98298.1250    161.6097
   402   4980.0000  70647.8516  98356.5469    221.8390
   403   4980.0000  70679.8203  98355.5234    168.5760
   404   4980.0000  70702.2188  98366.4297    137.2552
   405   4980.0000  70596.2031  98286.4844     64.1608
   406   4980.0000  70756.1328  98421.1328     93.5185
   407   4980.0000  69225.8750 100803.1250      4.2474
   408   4980.0000  70775.0625  98269.9766    127.5428
   409   4980.0000  70359.4531  98211.0781     77.5776
   410   4980.0000  70646.0781  98336.3594    208.5483
   411   4980.0000  70687.2188  98361.5938    186.4832
   412   4980.0000  70731.2578  98393.3281    163.2989
   413   4980.0000  70740.8359  98432.4062    155.8818
   414   4980.0000  70688.4297  98328.3281     67.9432
   415   4980.0000  70806.7109  98403.8359     57.8443
   416   4980.0000  70870.6953  98562.2891     68.0606
   417   4980.0000  69933.1719  98803.0703     82.6894
   418   4980.0000  70227.8984  98407.1172    225.3016
   419   4980.0000  70804.0703  98283.5781    142.9534
   420   4980.0000  70918.9141  98274.2500    140.5661
   421   4980.0000  70805.3281  98237.0625    101.4534
   422   4980.0000  70463.9375  98198.3984     80.5349
   423   4980.0000  70677.8672  98334.9688    171.4258
   424   4980.0000  70734.5703  98373.0703    152.9381
   425   4980.0000  70782.4688  98407.6484     76.1675
   426   4980.0000  70884.8906  98413.0234     33.5880
   427   4980.0000  70995.5156  98471.6953     44.6405
   428   4980.0000  70926.4688  98182.1953     96.8738
   429   4980.0000  70996.7031  98157.5859    136.6832
   430   4980.0000  70926.6875  98250.6953    106.0559
   431   4980.0000  70786.9531  98267.7500    105.2255
   432   4980.0000  70453.5625  98222.3594     89.6947
   433   4980.0000  70578.2656  98265.7422    122.5344
   434   4980.0000  70752.9297  98517.8516    220.4862
   435   4980.0000  70677.2031  98299.9688    109.9659
   436   4980.0000  70778.5000  98400.8984    130.0303
   437   4980.0000  70691.3281  98575.5078    222.9651
   438   4980.0000  70471.7109  98231.2578     32.2541
   439   4980.0000  70557.1250  98244.0078     26.4173
   440   4980.0000  70726.6172  98243.4297    132.4684
   441   4980.0000  70983.7031  98089.3359     99.8736
   442   4980.0000  70845.7734  98097.9922     66.9136
   443   4980.0000  70999.9531  98086.1875     89.3911
   444   4980.0000  70889.5000  98184.0156     76.5760
   445   4980.0000  70956.1875  98294.0078    148.6665
   446   4980.0000  70887.4844  98382.9531    135.6254
   447   4980.0000  70774.7344  98330.5547    127.2998
   448   4980.0000  70381.7500  98233.2266     72.2668
   449   4980.0000  70588.3750  98242.1719     77.0670
   450   4980.0000  70789.9844  98368.3438    105.2953
   451   4980.0000  70721.5312  98306.6797     66.0998
   452   4980.0000  70701.5703  98586.8203    192.3927
   453   4980.0000  70811.3672  98365.8750     44.6575
   454   4980.0000  70879.2734  98539.1641     68.6643
   455   4980.0000  70945.1719  98549.2969     66.6629
   456   4980.0000  69028.0156 100511.6953      3.0363
   457   4980.0000  70804.5078  98218.4219    113.0697
   458   4980.0000  70987.0000  97891.8516     79.3824
   459   4980.0000  71013.1562  97902.6406     83.7719
   460   4980.0000  70962.7734  98070.9453     65.7635
   461   4980.0000  70809.2031  98158.8203     64.7189
   462   4980.0000  70496.2812  98169.0078     59.3636
   463   4980.0000  70982.8828  98236.1172    107.3658
   464   4980.0000  70891.8281  98316.2891     99.5032
   465   4980.0000  70729.7188  98271.0547     95.4997
   466   4980.0000  70905.7344  98430.9609    142.1273
   467   4980.0000  70849.2422  98371.0703    108.5420
   468   4980.0000  70841.3906  98384.4453     98.9482
   469   4980.0000  70417.6797  98195.9062     31.3418
   470   4980.0000  70451.4141  98199.6953     26.0861
   471   4980.0000  70727.7031  98578.2344    185.3369
   472   4980.0000  70589.1562  98229.4062     29.4030
   473   4980.0000  70807.8047  98305.3906     22.6866
   474   4980.0000  70948.6953  98389.8281     27.0374
   475   4980.0000  71030.5547  98284.7266     21.4776
   476   4980.0000  69772.5469  99372.4609     21.1997
   477   4980.0000  70982.8672  97952.4453     90.3143
   478   4980.0000  70930.1641  97733.2344     51.1262
   479   4980.0000  70992.9766  97945.8281     61.5422
   480   4980.0000  71005.1172  98163.8828     81.7786
   481   4980.0000  70892.3594  98246.2812     74.0695
   482   4980.0000  70983.1172  98273.7734     96.3297
   483   4980.0000  70896.7578  98297.4375     75.7364
   484   4980.0000  70939.7734  98419.1719    138.7976
   485   4980.0000  70916.3828  98373.6172     87.2113
   486   4980.0000  70754.2578  98239.0234     52.3793
   487   4980.0000  70865.7422  98364.7500     75.0562
   488   4980.0000  70365.5469  98176.7031     19.2288
   489   4980.0000  70804.7500  98314.1562     53.9357
   490   4980.0000  70794.8438  98555.9219    121.9952
   491   4980.0000  70863.9062  98527.3828     80.7599
   492   4980.0000  70874.8203  98573.1719     87.2146
   493   4980.0000  70905.5078  98580.9688     89.5454
   494   4980.0000  71065.9922  98118.1094     16.1317
   495   4980.0000  68860.5156 100699.6875     55.8843
   496   4980.0000  69454.5781  99336.5938      6.7543
   497   4980.0000  70946.0938  97862.4922     65.9342
   498   4980.0000  70884.4062  97685.1172     38.3066
   499   4980.0000  70980.9531  97759.3516     51.3898
   500   4980.0000  70831.3125  98108.4141     47.6857
   501   4980.0000  71009.9609  98007.0625     54.7224
   502   4980.0000  70902.0312  98143.7344     49.1344
   503   4980.0000  71048.5859  98008.4609     72.6219
   504   4980.0000  70980.9141  98139.2656     51.1818
   505   4980.0000  70788.5078  98172.2891     43.0025
   506   4980.0000  71033.8281  98182.3984     77.8295
   507   4980.0000  70979.6719  98345.3594     94.9947
   508   4980.0000  70919.5625  98260.5000     50.8753
   509   4980.0000  70916.8125  98350.8984     63.2820
   510   4980.0000  70888.8750  98472.0938     92.5679
   511   4980.0000  70824.5391  98285.5156     34.1760
   512   4980.0000  70903.0938  98417.2266     57.3266
   513   4980.0000  70810.5000  98598.8672    128.6419
   514   4980.0000  70806.6875  98229.7891     17.0862
   515   4980.0000  70928.9219  98500.8750     71.9121
   516   4980.0000  70992.0156  98419.0000     53.3620
   517   4980.0000  71027.4922  98375.6719     60.0224
   518   4980.0000  70742.4766  97975.7188      4.9162
   519   4980.0000  70997.5469  97935.0312      9.8148
   520   4980.0000  68771.8359 100294.9062     19.9179
   521   4980.0000  68739.5469 100457.6406     24.7595
   522   4980.0000  68739.8359 100450.9219     26.4523
   523   4980.0000  68787.4844 100248.1797     36.6425
   524   4980.0000  68746.8203 100394.6406     36.5600
   525   4980.0000  68806.7266 100547.5859     43.4937
   526   4980.0000  68874.0078 100696.5625     49.6334
   527   4980.0000  69961.0391  98642.7109     71.8064
   528   4980.0000  69465.0938  99247.1953      7.4083
   529   4980.0000  70937.1094  97747.7422     66.9020
   530   4980.0000  70933.9453  97916.8281     68.8206
   531   4980.0000  70763.3438  98091.7344     72.4604
   532   4980.0000  70906.4688  97754.4297     27.8632
   533   4980.0000  70946.5234  97806.1562     29.2264
   534   4980.0000  70997.0000  97858.2500     34.6126
   535   4980.0000  71052.5000  97945.0703     52.6804
   536   4980.0000  71030.8203  98130.6406     45.2385
   537   4980.0000  70833.5625  98107.6562     23.4474
   538   4980.0000  71023.4375  98275.0156     85.5756
   539   4980.0000  70961.0391  98191.5781     35.4772
   540   4980.0000  70988.3984  98351.6562     74.6375
   541   4980.0000  70885.0547  98188.0625     26.1585
   542   4980.0000  70893.0312  98547.0156    149.5960
   543   4980.0000  70978.6016  98346.7578     59.7141
   544   4980.0000  70797.7109  98151.2500     18.2998
   545   4980.0000  70892.1328  98555.3672    135.5894
   546   4980.0000  70976.6328  98320.2500     46.8796
   547   4980.0000  70916.6953  98534.7266    121.1358
   548   4980.0000  70984.4375  98294.7969     39.4713
   549   4980.0000  70958.9062  98481.4453    111.3939
   550   4980.0000  71007.2734  98265.6172     36.5657
   551   4980.0000  70766.6094  98049.5156      9.4552
   552   4980.0000  71044.1484  98210.5078     36.3853
   553   4980.0000  70890.6875  97696.5078      8.0310
   554   4980.0000  68732.2891 100318.5859     12.6504
   555   4980.0000  69375.1797  99508.5312     39.2947
   556   4980.0000  69281.3281  99701.8828     32.1519
   557   4980.0000  68851.2812 100482.7188     17.2733
   558   4980.0000  69314.7969  99730.2266     37.5999
   559   4980.0000  69031.0391 100232.3047     22.7500
   560   4980.0000  68882.7734 100573.1484     19.9441
   561   4980.0000  69000.4062 100383.8125     24.2658
   562   4980.0000  68829.2969 100787.3203     21.0350
   563   4980.0000  68896.7031 100656.8516     24.0423
   564   4980.0000  68939.7422 100558.5625     26.8687
   565   4980.0000  68959.6016 100494.5547     29.3416
   566   4980.0000  68959.8281 100464.0312     31.3270
   567   4980.0000  68946.1094 100466.0703     32.8420
   568   4980.0000  68919.4453 100504.0938     33.7739
   569   4980.0000  68887.1953 100576.8828     34.3637
   570   4980.0000  68849.9141 100690.0938     34.5942
   571   4980.0000  68884.4375 100754.5938     41.4688
   572   4980.0000  69916.6016  98732.4141     61.7587
   573   4980.0000  69352.2734  99687.3047      5.0057
   574   4980.0000  68765.8438 100546.0859      2.1635
   575   4980.0000  70863.7031  98177.9922    108.4120
   576   4980.0000  70798.7891  98254.9375    145.8929
   577   4980.0000  70718.4922  98291.1953    186.7904
   578   4980.0000  69328.7578  99190.6094     25.0134
   579   4980.0000  69264.9844  99487.1719     21.4286
   580   4980.0000  69319.7188  99504.8672     24.5767
   581   4980.0000  69342.7344  99553.8594     26.3166
   582   4980.0000  69339.9219  99633.7500     26.7336
   583   4980.0000  69318.8281  99746.2344     25.8717
   584   4980.0000  68962.5000 100300.4531     14.3226
   585   4980.0000  68945.6719 100459.2266     14.7171
   586   4980.0000  68907.9531 100655.1094     14.7620
   587   4980.0000  69419.2422  99778.0469     34.7767
   588   4980.0000  69152.2891 100301.3438     20.8349
   589   4980.0000  69063.6016 100569.0781     19.2845
   590   4980.0000  69101.3438 100628.9062     22.3344
   591   4980.0000  69066.8750 100800.1641     23.8511
   592   4980.0000  69138.4062 100632.0391     27.7984
   593   4980.0000  69043.6172 100833.0859     31.0847
   594   4980.0000  69035.9297 100820.4453     32.7675
   595   4980.0000  69017.4297 100844.5156     33.9546
   596   4980.0000  69010.4766 100859.7031     41.1750
   597   4980.0000  69709.0234 100614.9453     16.3314
   598   4980.0000  70761.5312  98018.5703     63.3686
   599   4980.0000  70778.1094  98139.3047     90.9762
   600   4980.0000  70742.0391  98233.4609    138.3877
   601   4980.0000  70681.1406  98296.1172    209.6687
   602   4980.0000  69784.1875  98613.0938     69.9091
   603   4980.0000  70377.0156  98150.5312    121.7968
   604   4980.0000  70382.5859  98192.8438    157.2404
   605   4980.0000  70714.1875  98106.5781    178.1278
   606   4980.0000  70722.5625  98037.9062    151.4255
   607   4980.0000  69416.3516  99339.6016     24.0997
   608   4980.0000  69538.3516  99256.6797     35.9591
   609   4980.0000  69306.9375  99637.0625     18.1392
   610   4980.0000  68839.0703 100227.7422      8.4162
   611   4980.0000  69395.1875  99601.9766     23.0251
   612   4980.0000  69447.7188  99603.4219     26.7950
   613   4980.0000  69477.1641  99636.4688     29.1159
   614   4980.0000  69489.1562  99699.1328     29.9593
   615   4980.0000  69195.8594 100236.3672     16.1395
   616   4980.0000  69486.5781  99792.8984     29.5847
   617   4980.0000  69191.2109 100358.1172     16.4724
   618   4980.0000  69162.7734 100523.9766     16.3289
   619   4980.0000  69117.7109 100726.5938     16.0524
   620   4980.0000  69266.2578 100610.5312     21.4198
   621   4980.0000  69316.3828 100629.6328     25.0166
   622   4980.0000  69300.5312 100763.8828     26.4277
   623   4980.0000  69294.9375 100747.7578     33.1146
   624   4980.0000  70968.6250  97989.0078    119.9634
   625   4980.0000  70730.9531  98098.9609     79.5268
   626   4980.0000  70752.3750  98230.7812    138.6308
   627   4980.0000  69884.9922  98691.0234     51.1083
   628   4980.0000  69357.7734  99394.7266      5.8266
   629   4980.0000  69761.2500  98662.7969     97.3280
   630   4980.0000  70733.6328  98019.2656    107.0519
   631   4980.0000  70766.5469  98109.0703    141.1901
   632   4980.0000  69799.9141  98714.6172     87.7586
   633   4980.0000  69824.5625  98723.2266     97.8601
   634   4980.0000  69812.4688  98773.0938     93.3616
   635   4980.0000  69779.8516  98858.2188     79.5513
   636   4980.0000  70862.7188  97819.8594    123.4935
   637   4980.0000  69469.9219  99323.6562     21.4447
   638   4980.0000  70831.1797  97686.3594    107.4288
   639   4980.0000  70877.4453  97829.8672    148.7268
   640   4980.0000  69391.9219  99527.8359     16.8093
   641   4980.0000  69584.2188  99350.0938     31.5128
   642   4980.0000  69461.4297  99646.6094     20.4377
   643   4980.0000  69017.0703 100290.8750      8.9019
   644   4980.0000  69573.2188  99553.8203     29.0035
   645   4980.0000  68900.4297 100759.0078      8.4999
   646   4980.0000  69036.7578 100703.1719     10.2802
   647   4980.0000  69114.8906 100718.0781     11.6578
   648   4980.0000  69155.9453 100788.0078     12.7623
   649   4980.0000  69426.2969 100456.5625     20.5109
   650   4980.0000  69390.7656 100662.9922     19.6268
   651   4980.0000  70894.9141  97724.4297     64.7491
   652   4980.0000  70847.2656  98069.0312     82.5359
   653   4980.0000  70828.6875  98331.3281    209.5942
   654   4980.0000  70480.6328  98205.8594    124.3228
   655   4980.0000  69960.7578  98669.4453     91.9747
   656   4980.0000  69842.8828  98919.3203     43.5100
   657   4980.0000  69724.4453  99219.2188     20.3668
   658   4980.0000  69547.3750  99629.0312      9.2877
   659   4980.0000  69118.4375 100747.3438      4.4097
   660   4980.0000  70741.7656  98043.6094     99.4089
   661   4980.0000  70761.0234  98128.4453    130.1924
   662   4980.0000  70745.2812  98202.3906    171.3777
   663   4980.0000  70903.0938  98010.8828    140.1168
   664   4980.0000  69791.6641  98765.0859     67.4743
   665   4980.0000  70904.0469  97851.2656    116.0769
   666   4980.0000  69846.8047  98747.4453     90.2942
   667   4980.0000  69404.4297  99397.4844     13.9846
   668   4980.0000  69842.3438  98858.4844     97.6039
   669   4980.0000  69453.1406  99489.3750     15.6413
   670   4980.0000  69815.4141  98980.4688     83.3761
   671   4980.0000  69349.9141  99753.6406     11.9455
   672   4980.0000  69577.8203  99538.3984     22.5312
   673   4980.0000  69683.0703  99444.0000     34.1032
   674   4980.0000  68889.6094 100717.7031      6.4423
   675   4980.0000  69108.4688 100575.3516      8.5559
   676   4980.0000  69232.5000 100540.6406     10.2701
   677   4980.0000  69296.8281 100588.4531     11.5135
   678   4980.0000  69312.9297 100712.2969     12.1456
   679   4980.0000  69710.7891  99813.4141     35.1940
   680   4980.0000  69494.1875 100557.4453     16.8888
   681   4980.0000  69558.9219 100615.4844     19.3806
   682   4980.0000  69599.5547 100749.2344     20.6491
   683   4980.0000  69640.7578 100673.2969     18.8332
   684   4980.0000  69576.4531 100565.2812     14.3216
   685   4980.0000  69562.2500 100379.8828     12.8729
   686   4980.0000  69348.9844 100767.1719      8.2299
   687   4980.0000  69569.4219 100234.4297     12.2640
   688   4980.0000  69733.9062  99780.4219     23.0069
   689   4980.0000  69372.4219 100622.2812      8.0260
   690   4980.0000  69754.1641  99710.0156     24.8080
   691   4980.0000  69453.3281 100475.4219      8.8419
   692   4980.0000  70926.7500  97795.5234     77.6624
   693   4980.0000  69319.6719 100824.7422      7.0914
   694   4980.0000  70880.3594  98255.3984    183.1864
   695   4980.0000  69726.0078  99765.0000     20.1553
   696   4980.0000  69484.9609 100440.8125      9.0328
   697   4980.0000  70725.5000  98168.2422    108.4060
   698   4980.0000  69727.9688  99638.5859     20.3342
   699   4980.0000  69530.0781 100219.3672      9.5952
   700   4980.0000  70369.7266  98218.7812    117.6975
   701   4980.0000  69858.7109  98981.4922     55.3015
   702   4980.0000  69754.1094  99288.3984     25.2695
   703   4980.0000  69598.5703  99701.0391     11.6172
   704   4980.0000  69368.7734 100259.8828      6.6029
   705   4980.0000  69987.6406  98543.3750     95.6280
   706   4980.0000  69888.3828  98661.8828     57.4490
   707   4980.0000  69756.3594  98846.3438     29.7406
   708   4980.0000  69400.2188  99384.2578      7.1556
   709   4980.0000  68854.3984 100293.2109      2.7216
   710   4980.0000  70767.7891  98046.8203     91.5819
   711   4980.0000  70755.5391  98117.9062    111.2191
   712   4980.0000  70734.4375  98182.1875    140.5580
   713   4980.0000  70704.5469  98237.7656    182.7569
   714   4980.0000  70913.6328  97900.9297     97.7340
   715   4980.0000  70916.9219  98051.6797    130.5407
   716   4980.0000  70889.3516  98165.2500    163.8939
   717   4980.0000  69793.3125  98623.1875     91.7102
   718   4980.0000  70866.9609  97672.2422     77.6257
   719   4980.0000  70931.6719  97861.5078    109.0832
   720   4980.0000  70932.4609  98032.3125    148.3451
   721   4980.0000  70934.8594  97815.6406    116.8792
   722   4980.0000  70948.2500  97947.9922    149.4292
   723   4980.0000  70950.2344  97865.3828    120.1067
   724   4980.0000  70946.3047  98009.4062    141.2826
   725   4980.0000  70931.6953  98124.4453    155.8246
   726   4980.0000  70886.5078  98213.9844    180.0166
   727   4980.0000  70936.4375  97784.1016     99.6630
   728   4980.0000  70947.4688  97930.1250    116.0452
   729   4980.0000  70937.7422  98057.0938    132.1985
   730   4980.0000  70909.9297  98162.0547    155.0470
   731   4980.0000  70860.1172  98252.2656    190.1789
   732   4980.0000  70941.2500  97858.0391     98.1525
   733   4980.0000  70939.2344  97987.5391    112.2426
   734   4980.0000  70924.7266  98110.4141    134.2891
   735   4980.0000  70882.3594  98209.1172    167.8866
   736   4980.0000  70829.9062  98302.0391    213.9128
   737   4980.0000  70917.7188  97782.0547     83.1822
   738   4980.0000  70935.5000  97922.7031     96.9006
   739   4980.0000  70929.2266  98052.8594    116.7674
   740   4980.0000  70900.1562  98171.9297    150.4721
   741   4980.0000  70850.2344  98267.9375    194.3499
   742   4980.0000  70882.2109  97714.1328     70.2361
   743   4980.0000  70922.3281  97858.8125     84.7043
   744   4980.0000  70929.5234  97994.3047    101.7991
   745   4980.0000  70917.6484  98131.6484    135.6470
   746   4980.0000  70868.2266  98240.7578    181.2286
   747   4980.0000  70920.1094  97932.5781     88.5889
   748   4980.0000  70924.1875  98080.3125    118.5446
   749   4980.0000  70886.7891  98210.5781    167.7920
   750   4980.0000  70922.2344  98019.1641    100.0563
   751   4980.0000  70903.7734  98170.8203    148.6554
   752   4980.0000  70918.1406  98117.0781    125.4644
   753   4980.0000  70865.1016  98260.0781    191.8740
   754   4980.0000  70888.4062  98203.7344    159.6972
   755   4980.0000  70849.9688  98275.1719    192.7508
   756   4980.0000  70784.0703  98059.2734     81.6213
   757   4980.0000  70755.3438  98187.5547    123.8736
   758   4980.0000  69765.0625  98627.0703     76.4299
   759   4980.0000  70428.5547  98228.6797    153.9367
